-1.091656374033979221e-01 9.545810554561294514e-02
1.503992901983767783e-01 -4.980183924059713996e-02
6.602175135315055399e-02 1.044008624891239745e-01
-5.027161581007628249e-02 -4.671857479306557731e-02
2.743263156460166163e-01 3.741888850134745398e-02
-1.080499421945203542e-01 -3.672632021947196818e-02
8.322163693316544930e-02 -1.711708381377325949e-01
1.824413597725163816e-01 -9.414803622133045835e-02
-1.300781170489462291e-02 -6.878100255971075772e-03
-8.314460289862074527e-03 -5.861954700285803427e-02
4.266034887181214263e-01 3.015718967588898458e-01
-1.321005367820139720e-01 -2.512107481693974520e-02
-1.991868621285918239e-01 -1.102031738651971897e-03
1.511584569746239337e-01 -4.670657474472274251e-02
-2.798282370333308317e-02 -6.380657225340906347e-02
-7.131864959127265369e-02 7.213784826407484974e-03
6.072131048846589677e-03 -5.204222920399395602e-02
1.563751079707244029e-01 -8.646872158589839763e-02
4.326206000111774141e-01 -1.228324591756279338e-01
1.661801299663667741e-01 -6.067963733021124184e-02
1.563751079707244029e-01 -8.646872158589839763e-02
-1.064761917821999693e-01 -1.006510630119390043e-01
-9.857117831123626828e-03 -1.114020988120849043e-01
-9.857117831123626828e-03 -1.114020988120849043e-01
-1.504287473327968194e-01 -5.661594672168941689e-02
-3.815480656871599735e-02 1.108751720076049108e-01
7.344328399442376365e-02 -1.373421480000542039e-01
-1.497016621301167916e-01 -3.894626966641049487e-02
-7.710277952323928152e-02 -1.181704879716287404e-01
-2.105235121009713661e-01 -6.510395038678523649e-02
3.029851225409792292e-02 -8.596080688684505644e-02
-7.193319533756598050e-02 1.359512305791634457e-01
6.172264002268311456e-02 -1.142071369953305410e-01
7.439964970622214846e-05 3.175991594947897290e-01
-6.811668943270543508e-02 -7.862290537181841621e-02
2.096942760193678534e-01 7.596523751779296618e-02
6.128566040804059312e-02 -1.149631509198562607e-01
2.546058731750485693e-01 -1.973735625882450107e-01
-3.269847319384960316e-01 1.272149623382334283e-01
-2.673294034710464451e-01 -6.195367812021567583e-02
-2.808805502620429495e-01 -5.053949599413430638e-02
-7.918352875422508819e-03 -9.006270327721660474e-02
1.414079234964714556e-02 -1.153251118979228551e-01
1.364296836180642902e-01 -1.808089846180155891e-01
-3.647595481449589228e-01 6.617013235290909734e-03
2.449512062296684833e-01 -1.396326195816435800e-01
-2.425752238925140691e-01 3.650313814695163583e-02
-2.425752238925140691e-01 3.650313814695163583e-02
-2.267546141413726846e-01 -3.049472557781464366e-02
2.934895609101393354e-01 -2.146025996800983715e-01
8.395367897780565969e-03 2.374792068768657727e-01
-1.403379487149288285e-01 3.484276315556129183e-02
-1.491940657905477252e-01 9.284181079463819930e-02
-1.266629968698829711e-01 6.270741482351800677e-02
1.984330867780025875e-01 8.109985804287940525e-02
1.218401286828161290e-01 -1.119893038758830311e-01
4.855096308647040282e-02 -1.082351057121304500e-01
1.142878493369575421e-01 -1.063629681068851418e-01
-3.871585930488573579e-01 1.541297812839738102e-01
1.706074626185723753e-01 -1.080821356103137121e-02
-1.079171017703443730e-01 -3.947006613681318388e-02
-1.917537342119053911e-01 -7.386551701642320167e-02
-1.916830802479860818e-01 -7.365653254011202133e-02
-1.898724596012522081e-01 -7.448291961991491961e-02
-1.916830802479860818e-01 -7.365653254011202133e-02
-2.472164611718206118e-01 6.425524959675521508e-02
-3.019330274039720985e-01 1.140459081098642025e-01
2.998002622179953003e-03 -3.136932078504998944e-02
6.867369894198077640e-02 4.785976776462264048e-01
1.317182297143215663e-01 3.818900458318287838e-01
-8.694859347652299231e-02 -5.880648108518160555e-02
-1.655270782060989654e-01 -1.077220050795091033e-01
-1.552184109919574617e-01 -6.120772388791187457e-02
-1.735997982215029545e-01 3.318574266097968906e-01
3.691861223132442138e-02 -5.438595405563791119e-02
-3.054477443199118958e-01 -6.206759681673387763e-02
-3.769167560511418325e-01 -7.414941125233004415e-02
7.295935755885270269e-02 1.194180927927298297e-01
1.684879815195972630e-01 2.098574770222067648e-02
1.684793707692857634e-01 2.101974289248407027e-02
-2.157732971877326933e-01 -3.090602111835186183e-02
9.539595988374331703e-02 -1.177642100209191078e-01
-4.664766107731871392e-01 1.818331445406741464e-01
-3.761888613348610688e-01 6.877540825399092173e-02
-3.353106955148213997e-01 9.854678945378204935e-03
-4.228715350521160543e-01 6.908097446499170124e-02
1.939959893849573305e-02 -8.869113015466598138e-02
-1.523653755743626867e-02 -1.443618615975384989e-01
3.401762192069485158e-02 -9.322222396909327080e-02
3.956067624601164456e-02 -1.738456540635028025e-01
3.956067624601164456e-02 -1.738456540635028025e-01
4.025577408257562106e-02 -6.732961406819450156e-02
2.974990425204280808e-01 -1.127652947115177252e-02
2.974904317701165812e-01 -1.124253428088838221e-02
-1.289905253105006477e-01 -1.064012986625195167e-01
-2.560518677386336428e-02 -1.221341933448512607e-01
8.443488858869169222e-02 -9.538860815507645141e-02
8.784394955971830399e-02 -1.167938335613046778e-03
1.935325809557758570e-01 -1.124043146338539745e-01
4.743313020271094915e-02 -1.218948753374722929e-03
1.621362833019333594e-01 9.284561645724950796e-02
2.337310922387685758e-03 -5.254695849409082853e-02
3.265224223496203913e-03 -8.898609656724915107e-02
-6.380087615327219297e-03 -8.674359827228240311e-03
2.935812756190936401e-02 -9.659934139464759761e-02
-5.220517806526536742e-02 -9.689906944306536651e-02
-3.865648777835754835e-02 -7.284155783712391308e-02
6.550409248017960429e-02 4.868231622426762856e-02
-2.021329151870327953e-02 -5.948185798625255094e-02
5.697206554482778240e-02 -1.264647651748338486e-01
-3.551794465210780793e-02 1.867311048810519347e-01
5.729062439870910572e-02 -1.377770441869210216e-01
-3.322868643902451846e-03 5.443362608506684824e-02
-6.929278217230244730e-03 -1.376611907124982576e-02
-1.231073461998758445e-01 1.468095538842667525e-01
-9.771924672504517240e-02 3.187848505635915153e-02
-1.162445569856270927e-01 3.496569854496447971e-02
-7.269072435488094230e-02 2.297428366683065132e-02
-1.056216946024890746e-01 2.569649835491052622e-02
-1.056303053528005603e-01 2.573049354517392695e-02
6.821990087871614150e-02 -1.242881766454888987e-01
-2.866515256824881709e-03 -1.017491084892353237e-01
4.896945659316366550e-02 -7.700030301452956416e-02
2.806545394769899837e-01 -4.663385690041364773e-02
1.004830979069445129e-01 -9.635045054464658199e-02
8.238934531066760547e-02 3.930572369536504407e-02
2.530376096264434493e-01 -1.071838716361991628e-01
2.969730527238579332e-01 -2.377674746670241368e-01
4.697608288662560166e-02 2.993939167490142217e-02
8.063113623984272116e-02 1.718625488686141914e-02
2.638091575450812187e-01 1.422238175182888864e-01
-1.947390421911248670e-01 1.277322537799160246e-02
-3.415685134055600480e-01 2.540349005137048644e-01
5.944588956869478746e-02 -1.470224751308464028e-01
-3.521577898473693402e-01 4.575284209656229617e-01
-5.480618221133219670e-02 1.517976847093936016e-02
-4.342107617568618377e-02 -5.170085898961758464e-02
2.408529428706646935e-01 -1.965986908142043077e-01
3.046114552370698947e-01 -6.995347903636597864e-02
1.953218696403088706e-01 -1.020284802428011450e-01
3.140624195138775887e-01 -1.542179639744946651e-01
8.419687615743298714e-02 -1.290775085267779621e-01
8.190248546949102648e-02 -1.379058518869951677e-01
1.060373626696347049e-01 -1.476113227818471318e-01
3.463336303230495350e-01 -9.920891072424305179e-02
9.431342579857202035e-02 -1.211658005911387254e-01
-3.274033189384687459e-01 4.277698077818830463e-02
-1.411195017865869879e-02 -5.032335309545436092e-02
-1.439524307565736294e-01 3.957556332894005685e-02
2.716164610963106574e-01 7.012407949235309468e-02
-2.356946282358097777e-01 1.354349106786214285e-01
-2.052178254834765084e-02 1.558341496378778668e-01
-4.293723353027998485e-02 -3.004584146518305549e-02
-7.209396041083854234e-02 -9.570267732363080260e-05
-1.132611355011628462e-01 -1.126987963045966573e-01
4.391777194969619103e-02 -1.831683668788913477e-01
-1.161727710340439979e-01 -9.322365334761482936e-02
9.001936352643694073e-02 -3.236405832961754270e-02
1.618861556048394323e-01 -3.948370614990764915e-02
1.747225303539148150e-02 1.654228010593092879e-01
9.121384575490503951e-03 -6.339565475708192066e-02
-4.415628484569603107e-01 1.188824051876161136e-01
4.296726714387609503e-02 -6.561797361871850309e-02
-1.972442227975359542e-03 -9.496375592224853834e-02
2.326175112734803485e-01 -1.639954392193906374e-01
-5.765307086768294009e-02 -5.391883566234418473e-02
6.340160404396656679e-02 7.031775331612168112e-02
-1.888906485166447213e-01 -2.135373201211570801e-02
9.830105933631493043e-02 2.841339146400004984e-03
-7.774355957952733265e-02 -4.985818486377689707e-02
-3.211935422518077260e-02 -2.121210043373347731e-02
1.384720637429730228e-01 -8.970799015436478618e-02
1.644418042349035658e-01 4.607478416772384233e-02
1.943850854049007648e-01 1.491143025583045456e-01
2.087523169460458183e-01 2.066559228352586874e-01
2.930488724959130487e-01 1.598739272487707253e-01
-9.021528766021709445e-02 1.563891144298507618e-01
2.202340249482841739e-01 -9.775435587256264824e-02
-4.009639665490884464e-01 3.248797063867188417e-02
-4.009639665490884464e-01 3.248797063867188417e-02
-2.552412327223285704e-01 -4.272007527296749207e-02
-4.009639665490884464e-01 3.248797063867188417e-02
-1.854193757020759226e-01 1.526944748003217223e-01
-1.854193757020759226e-01 1.526944748003217223e-01
-1.866631565003250559e-01 1.531500763389908593e-01
-1.854193757020759226e-01 1.526944748003217223e-01
1.292873244950975831e-01 2.387130305914106354e-02
1.464112047203122990e-01 5.800816800422572972e-02
3.859951514775096515e-02 2.881942240237096442e-01
-8.066786046478152672e-02 -5.686408768170193861e-02
-2.830019173445203484e-01 1.805517515321004157e-03
-2.504610988711976627e-01 -2.285953174969634211e-02
1.089452039997620553e-01 -5.730286262707735140e-02
-4.201905391597829387e-02 -3.929031932436240215e-02
-4.236539202778564356e-02 -3.980198763277078416e-02
4.116638969802759868e-02 -5.771766382892269676e-02
1.690681953394810588e-01 5.562928604303922775e-01
-1.488312474978319144e-01 -1.520859789414649721e-01
3.879222198496511953e-01 3.075646865220191262e-02
-1.872128675355847482e-01 1.260952943133018533e-01
-1.449053901758836083e-01 -3.826195887452756017e-02
1.182180969024381328e-01 2.634431315625353209e-02
-2.134217806353050917e-01 1.233677293553426257e-01
-5.019033549640939534e-02 -4.089395534963583684e-02
-2.424424990879972541e-01 9.623620946333846793e-02
1.742114326155402293e-01 -1.516973925558476599e-01
1.911235988191925875e-02 -1.237114466005475866e-01
2.437390303172784212e-01 -5.526311543446313368e-02
8.921411838983470122e-04 2.006977413098084279e-02
3.113716149472008365e-01 5.543259916664925596e-02
-1.172721038109266062e-01 -9.577531883181539252e-02
1.165267856869739854e-01 -1.460473862480670681e-01
1.165267856869739854e-01 -1.460473862480670681e-01
-5.586795285123160454e-02 1.766506760980495472e-01
9.083730770358389855e-03 -2.101593409898157294e-02
-5.064829058463899553e-02 -4.802489368771259426e-02
-2.678039399560790401e-01 8.147684915442876541e-03
-2.678039399560790401e-01 8.147684915442876541e-03
1.655480352470315442e-01 -1.449367511723307356e-01
1.161853555672512084e-01 2.218137641473273691e-02
5.285436976542945420e-02 -4.163585044283401454e-02
-1.760652837565725437e-01 3.746247536079405638e-02
-2.102039991199110558e-01 -2.062306368099206533e-02
-1.760652837565725437e-01 3.746247536079405638e-02
-1.730287783863894147e-01 4.546865037056720821e-02
-2.233623140273780505e-01 -2.593832941358624120e-02
-1.577832170615892926e-01 7.020888686062537465e-02
-1.407009399718833764e-01 -6.437164021577322648e-02
8.411995518070389255e-02 2.543535219277169301e-01
1.178402324222000142e-01 -3.182505986213696181e-02
2.865050561243165927e-01 -1.124050534181041949e-01
2.851030140131983765e-03 -1.197504125873273678e-01
3.085459739180580058e-02 -1.013784829769000528e-01
3.381269090252104342e-02 -1.028485804507182078e-01
-1.321530870998485763e-02 -1.272432155285612154e-01
1.496153888996783476e-01 -1.508606243980007977e-01
-1.841932450846315572e-01 -6.596708869876877213e-02
-1.741988659873019152e-01 -6.196962653284521227e-02
9.024908920910498789e-02 -2.815013282179004706e-02
2.708587908926144566e-02 1.875339325059389647e-02
-2.446539568134530329e-01 2.227985419726149496e-01
-9.459447044516414160e-02 4.596797721652304825e-01
3.866509277669151479e-02 1.648731767134321846e-03
2.265866006862685134e-01 5.316270826765001623e-03
2.265779899359570138e-01 5.350266017028398879e-03
3.223674417789083868e-03 -7.015003665244221032e-02
-2.438432132928226581e-01 -3.869468305794098589e-02
-1.402045651633744283e-01 -1.079775332620098310e-01
1.117307339653250686e-01 3.248649577081969692e-02
1.484298735180713813e-01 -1.455235146099615740e-01
-3.888295979301739091e-01 5.718087433958635168e-02
-1.246430053147264128e-01 -1.091210595504206980e-02
-2.557420378372538550e-01 -1.406023206935875236e-01
-2.488791427337659345e-01 -6.140276231941087931e-02
-2.337215355549064066e-01 -1.427261015925966603e-01
-2.264369566819225965e-01 -1.278074684710532871e-01
-1.074461264253470660e-01 -5.873773721999832331e-02
-6.626829957720503650e-02 2.866108072777668880e-01
-2.089799394797572651e-01 1.538242708363165602e-02
-3.501501116568334071e-01 1.980827605435420968e-01
-2.817095786628309728e-02 -6.640503063399821881e-02
6.056432181954063410e-02 -9.796200275033796478e-02
-1.741168032789003339e-01 -1.478963022719866349e-01
1.317449745965190988e-01 -8.361215117676347452e-02
2.815927850369849272e-01 4.789450108323364819e-03
7.818260137282279088e-01 -3.541904687833956622e-01
1.931626629978091814e-01 -6.099306391898245971e-02
-4.367049456502539173e-02 1.960729344138595343e-02
6.943075841585366614e-02 -1.675389243898307151e-03
4.599271628638493953e-02 5.210228944176553689e-02
3.133543089781595237e-01 -8.499699225392295943e-02
-9.876513731937415497e-02 -2.891289189970219081e-02
-1.823466370941608239e-01 3.045295295542440606e-01
-1.512140798258627683e-01 2.404746783353063355e-01
-5.548820444975507277e-02 -2.307373864201197472e-02
1.184305252525971047e-01 -1.773914587008868504e-01
1.066845522633228516e-01 -1.713295218213715665e-01
5.905671100082143798e-01 -2.463684598219476052e-01
4.600982054483513523e-02 -6.424220963430893327e-02
6.962965065739766535e-02 -1.065968802490135925e-01
-2.522659005497893681e-01 -1.261633949218703143e-01
-1.007207417394642424e-01 -5.709108178128026456e-02
5.364156450542103549e-01 -1.867792944490194451e-02
4.374290518721069554e-01 -1.544430869027338393e-02
-6.022421992771882088e-03 1.625726948822801832e-02
-4.096948948566763588e-02 -9.986517821389610805e-02
-3.498549520862497680e-02 -4.819995781561351583e-02
-2.345328471796723213e-02 -9.058635695337141636e-02
-2.164054219417610447e-02 1.625934408172307818e-02
-4.576336706365347617e-01 4.205891438560384610e-01
-2.820170599279910872e-01 3.314591446373590239e-02
4.217054990918538138e-02 -8.139974006537240014e-02
1.284283160649505595e-01 1.290668257452028123e-02
1.794725406393117839e-01 3.051445575390332454e-03
-1.306968360508461158e-01 -7.104928262065969558e-03
-1.508797693095652870e-01 5.455079826516691377e-02
-3.833900724543991556e-01 6.343939350731457594e-02
-3.833900724543991556e-01 6.343939350731457594e-02
5.206679334083379462e-01 -3.157388166241825722e-02
-1.749322219641586129e-01 -7.246326278026352097e-02
-1.932268963294143937e-01 -1.108327066567209307e-01
-1.615362676910912509e-01 -1.254890066984996888e-01
-1.619438844474753170e-01 -1.238597289069127416e-01
-1.459460722750468564e-01 -1.415054434357853608e-01
-3.121484669440807158e-01 -9.253020205477636984e-02
9.382518273789658414e-02 -1.197719910452451353e-01
-3.921517475410311176e-02 3.200417770164238479e-02
-3.921517475410311176e-02 3.200417770164238479e-02
-3.922378550441460443e-02 3.203817289190578205e-02
1.179054672922749680e-02 -1.112863918035881389e-01
-3.258345597286875783e-01 8.554501178247804483e-03
9.805637849086601410e-02 -1.671698024390714243e-01
-1.525216673694886754e-02 7.522789227848702964e-02
-8.525396112111871538e-02 2.990022914253799291e-01
2.263281150916093224e-03 1.040487643485690228e-01
-8.669472162529481829e-02 1.425052403571766269e-01
2.091088746806155918e-01 -1.110459109098392433e-01
-2.640358606064344138e-01 -7.130351269151055660e-03
1.532468077122951279e-02 -7.771110503640558942e-02
-1.905274530861846283e-01 -5.850430238285851681e-02
-2.178913445675391136e-01 -1.909253421029812325e-01
-2.178052370644241731e-01 -1.912652940056151496e-01
2.562341110665485311e-01 -1.328246965574930716e-02
1.784779024218272059e-01 -2.328991637618901822e-02
8.515843683959016530e-03 3.930909993603685093e-01
7.505608408605099480e-02 -2.317450875608018795e-02
1.173584456182567293e-01 2.204447195393094694e-01
5.775025221565002198e-01 -1.089810146714041694e-01
3.681533886116429288e-01 6.823644072222562196e-02
5.852642675472242706e-01 -1.110685776079837345e-01
1.322609625566528169e-01 8.692316088114231121e-02
4.147983365939178491e-01 1.326907904672354754e-01
3.681533886116429288e-01 6.823644072222562196e-02
8.030622979409614282e-02 -6.231713945047748227e-03
8.030622979409614282e-02 -6.231713945047748227e-03
-2.028508347112665533e-01 1.662149568994598925e-02
1.467285656704372943e-01 -5.329712049275595054e-02
7.137688989252256172e-03 -8.925464444252875773e-02
-2.203266879325330718e-01 1.017301478595711017e-01
1.009650096405699110e-01 3.313197984693191933e-02
7.826470354798406026e-01 1.663823316745994541e-01
-2.485940834944633249e-01 -6.707907553289609026e-02
2.872910970117436014e-01 1.981342341788264183e-01
-3.719314541916675099e-01 2.741957115167865250e-02
4.667136518730952838e-03 6.876124959310676854e-02
4.596310922551367084e-01 5.053829251607143691e-01
4.621376389465965406e-01 5.050011496828220592e-01
-6.566439946474922351e-01 4.620105458431658652e-01
-4.137723661532796693e-02 6.130095561356643796e-02
4.738035102252148301e-01 -5.456501329378200815e-02
4.738121209755263297e-01 -5.459900848404540541e-02
-8.952330954306675359e-02 1.216621335597688203e-02
-3.760093379933362318e-02 2.001487906768937286e-01
-2.332475504468572436e-01 8.065247432843561382e-02
-2.351879068306155229e-01 1.198772096128393055e-01
-2.261184982315120329e-01 1.376777625162247526e-02
-3.439668468988535954e-01 1.098686277844065501e-01
-1.444636730079173481e-01 6.384752802852625142e-02
-2.351879068306155229e-01 1.198772096128393055e-01
-2.317430061085945237e-01 1.228057888052430935e-01
-1.535619211394791406e-01 6.431831401169181561e-02
-1.533788880918404707e-01 -6.929870880167464386e-02
-5.815140026061127454e-01 2.560714194632651708e-01
1.622773861055449296e-01 -1.134767552683554614e-01
-3.450820898895815003e-02 -6.207972697289557834e-02
-3.895079325041124474e-02 -5.748480319339702854e-02
-5.093632609176355908e-02 -6.645603233725909387e-02
1.385396992208381417e-01 -1.617199039163426388e-01
-8.512232611236128510e-02 -5.026528803050311217e-02
5.256378454440447517e-02 -1.088148285803193921e-01
7.233280100163153037e-02 -1.556040102765871708e-02
7.232419025132003076e-02 -1.552640583739532676e-02
2.865346394634056826e-01 -1.414168011413164394e-01
1.222370724180209256e-01 -7.191126630751483451e-02
1.221714269136284226e-01 -1.109804116012271316e-02
8.423971243766760486e-02 -5.863663961269539870e-02
1.221800376639399222e-01 -1.113203635038610695e-02
1.221800376639399222e-01 -1.113203635038610695e-02
-3.273458103747829695e-03 -1.218162405551979077e-01
1.788860677772655672e-01 -1.744337496880862814e-01
2.893362314920742695e-01 -2.111439553615874487e-01
2.721803510344533716e-01 -1.756062755060000535e-01
-2.121429017653342630e-01 1.285001717469895326e-02
2.928708424176027642e-02 2.601959391290152926e-02
2.989100006540007515e-02 1.031827190638724343e-02
2.975658464816055560e-01 -1.440026793473702937e-01
5.489657472489293255e-01 -2.443730703393822423e-01
-1.803858303771470606e-01 1.772231475830452763e-01
-1.735380417637502337e-01 -4.275503295047206054e-02
-1.735380417637502337e-01 -4.275503295047206054e-02
-1.698976569787538637e-01 -4.704102714823225201e-02
2.830999104828199053e-01 -1.824381065551089198e-01
-2.198065487609460883e-02 1.187204058625785513e-02
-1.502336110906963285e-01 -1.279606259009137825e-01
-3.748416299771828442e-02 -1.240197734351940473e-01
-1.479045007957086877e-01 1.086681806031825764e-01
-2.673908304488264998e-01 -3.856535152603035588e-02
-2.268791663317887841e-01 -3.907330788901285795e-02
-2.866551231335177224e-02 -1.085485141242812368e-01
-1.214362306391067181e-01 -1.620373032912033051e-01
-4.067601679493641070e-02 -5.876833226106946417e-02
-5.618255770605112831e-02 -4.802779229510369119e-02
2.161184180030925051e-01 -5.328525497091551183e-02
-2.112311611706082504e-01 -1.807489246992676213e-01
-1.857625038210439505e-01 9.900707979824140137e-03
-3.088232363378344836e-01 4.605167277836033635e-02
1.387815219687478785e-01 2.395999697585932120e-01
-7.457137247410511316e-02 9.430346242669288004e-02
3.114962992329772806e-01 1.341421937171982659e-02
-1.964156659277177808e-01 -3.458485524844733677e-02
-3.453322695335325071e-02 -3.579513074055517413e-02
-4.756302844189366774e-02 3.982743033047431852e-02
6.661006252159179519e-02 -8.164323411709523137e-02
-8.981645024324580451e-02 1.008229805145956781e-01
-1.829941347609528174e-02 -7.686363757310428479e-02
1.860081123830910899e-01 1.054582359730153462e-01
1.860081123830910899e-01 1.054582359730153462e-01
2.831132606263268015e-01 2.472743717081196113e-01
5.562922764024188504e-01 -2.891706435062132985e-02
2.962367459005124104e-01 -1.200027567675267248e-01
5.685272321419563291e-01 -3.260931314400809800e-02
-7.998586102365561057e-02 -1.032999998848392331e-01
-6.195332104608476664e-02 -1.147114134666241680e-01
-1.472511454044433260e-02 -5.339203595202086927e-02
1.497168414119513513e-01 9.784399159284584702e-02
-1.018078010063466071e-02 -9.205723982740479650e-02
-1.000876282618741453e-01 1.874693320472511082e-01
1.305223374213565490e-02 -3.981319726314046237e-02
2.807540490655768828e-01 1.990130662722407531e-02
-1.294877161987743885e-01 -1.312020226249833998e-01
1.771357475833073777e-02 -8.333361191151254788e-02
2.467746929302749859e-02 -7.115525380950168954e-02
5.222036725471428109e-02 -7.269814705883874406e-02
-3.592658937771778804e-01 1.241239685604482168e-01
2.292898008100697771e-01 2.435023778212587753e-01
1.921283885428151095e-01 -8.957581746339138284e-02
-1.874287945450695270e-01 -2.369947585319780170e-02
-1.874287945450695270e-01 -2.369947585319780170e-02
-2.846032579009787344e-01 1.191638714439293978e-01
-3.646899191441475563e-01 1.393642905142918331e-01
-3.520500059554696470e-01 1.164160031283784369e-01
-2.049038729997810782e-01 -1.108816972265484063e-01
-1.394880347474313220e-01 1.752184711946976059e-02
-2.311052696595526923e-01 7.014814716889369861e-02
2.379388396405864026e-02 -2.996788645856142408e-02
-1.125751703962817041e-01 -5.264237865230927960e-02
-1.784138521230364816e-01 8.682921483548687591e-02
-1.183795973938866347e-01 2.937229563935859350e-03
-2.729859456763636394e-01 -8.523305348227522282e-02
-4.511791501166481644e-02 -4.479029895220794366e-02
3.060927427466254014e-01 -2.638373671713445945e-01
-5.317127562766320314e-02 -7.349422864513129039e-02
2.485743210289058022e-02 3.988132085420673101e-02
-2.690322126060891161e-01 8.843048725761730455e-02
-2.218221406996908618e-01 8.134244919140075358e-02
2.653422178568156653e+00 3.918215874437306567e+00
1.559885970675332911e-01 7.868020366834210799e-02
-1.465856954683771307e-01 -8.081385926411506493e-03
-9.583059578439206971e-02 -7.227151713816293288e-02
-9.334165334647402668e-02 -1.440021457802672517e-02
-9.432272392359850044e-02 -1.184510092617487020e-02
4.578109070411743309e-01 -8.113372310471661172e-03
-9.432272392359850044e-02 -1.184510092617487020e-02
6.511447305130266816e-01 9.056523984553196960e-02
-1.156898679515298844e-01 1.083738487141563955e-02
-1.364933051672602426e-01 4.749796178022978183e-02
-1.481592993047259887e-01 6.824220489511621801e-02
-1.442057107981152830e-01 3.078460457327419908e-02
-8.725506888628409286e-02 2.252176846520026476e-01
-1.425669345071266525e-01 -2.214662060685586298e-02
1.333310404360673329e-01 -8.200739788794796092e-02
-4.898901885488543551e-02 -2.774617829807794409e-02
1.231438415681345988e-01 -1.701096628563963237e-02
3.379352177501904891e-02 -6.924303589081325094e-02
-3.301284107310167304e-01 3.815281605277152099e-01
-1.501585301724937538e-01 1.748636435834142744e-01
-2.429779646734148701e-01 1.067624671366586425e-01
-2.429693539231033705e-01 1.067284719463952591e-01
-3.301284107310167304e-01 3.815281605277152099e-01
-2.317019481605603892e-01 1.108074238274213696e-01
1.131824571388504730e-01 -4.014730638265718438e-02
-5.296279622067039117e-02 -2.822802679177889920e-02
-1.547810309602098977e-01 1.429833584583206918e-01
-1.094174781169961613e-01 6.501977402932090921e-02
-1.547810309602098977e-01 1.429833584583206918e-01
1.282304346692736963e-01 2.295235127272986508e-01
1.597433345643126668e-01 -1.342558939309480004e-01
1.201711098853515125e-01 -4.484949596283005491e-02
-1.252317003848178456e-01 -9.283234897133980923e-02
6.339936302215521957e-01 3.155887791112871321e-02
-2.690264895839073467e-01 -5.761669801562185889e-02
-2.810675350914723092e-01 -2.108012145561505291e-02
1.266705773479006314e-01 -1.507003811659132220e-01
-1.334832686263034696e-01 1.780364911488193508e-02
-1.528150294700694189e-01 3.841075214875800531e-02
-3.440684148004657245e-02 -6.016811829628838232e-03
-3.066141450761067921e-01 1.254283067689820341e-01
-1.354139133033109288e-01 -1.266767758326730886e-01
-3.567226973368686771e-01 1.214038456451120435e-01
2.509450456835570775e-01 1.569492714732710903e-01
-2.089485884853324593e-01 -4.107748333750160796e-02
-1.682820656653129243e-01 -6.823309768942233122e-02
-1.264695240581933111e-01 -1.087696831943579939e-01
-1.987174642173163974e-01 -4.759022246313581589e-02
-2.294433360365723956e-02 3.874348349640769490e-02
-2.024243930470112918e-01 4.224176594417533570e-02
-2.024243930470112918e-01 4.224176594417533570e-02
-2.543162703387266688e-01 -1.945301436015199614e-02
-3.414322513364932699e-02 6.679830542287122641e-02
4.750926330535218400e-02 -6.961616833935906773e-03
1.749008267463805777e-01 -9.230635371097245523e-02
1.972243266797565620e-01 -1.080414636376809817e-01
2.902745378172048030e-01 -1.039473013074150437e-01
2.250898804009841478e-02 -1.809346599332800620e-02
9.213692411677501526e-02 5.340417050655787978e-02
-3.231485647811340595e-02 -1.825674175083957101e-03
-1.431503167902124507e-01 1.047189062155154914e-02
1.835308582389504339e-01 -1.610204358244475553e-01
1.835308582389504339e-01 -1.610204358244475553e-01
3.852521697671550949e-01 3.608055863008263198e-01
-1.754608597916961776e-01 -5.652098129337113780e-02
1.053502679959080202e-01 5.139175703622419489e-01
-3.078130280661296736e-02 -2.811533384152267723e-02
3.196636847146129279e-01 -7.363607449748217626e-02
4.021178306240922457e-02 -1.489208796592651485e-01
4.559687322716830110e-02 -1.515121270459891534e-01
-3.980512132180230034e-01 1.266903013148010793e-01
-3.248304626658581884e-01 1.040505254816598280e-01
-3.956641991347767395e-01 1.556206868750123484e-01
-2.058974937959358043e-01 -4.911803454894395071e-02
-1.464118474213976784e-01 5.148127266363990151e-02
-3.554188787730013788e-01 6.466963716930961004e-02
3.702147341954492576e-01 -2.052160265967192254e-01
-3.287361857591620390e-02 9.837981469871534893e-03
-3.287361857591620390e-02 9.837981469871534893e-03
7.738584916774864098e-02 -4.417189896185319542e-02
3.215574274200603822e-01 2.786615741550311220e-01
-1.112921621749270173e-01 5.691280703733265188e-03
-1.090086862018288527e-01 -7.363210026411584619e-02
-6.785429628907999403e-03 -1.272236608318422779e-01
1.181230310392929472e-01 -1.366273636578416162e-01
2.394470621830720874e-02 -1.034229349199574932e-01
-2.556869017705588887e-02 -1.111662726928640543e-01
-1.769270517558029290e-02 -1.183787836322207632e-01
5.920899500462859649e-02 8.503206812759525612e-02
-4.319579707675533786e-01 1.490489257296144787e-01
2.924784119951933520e-03 -6.324807890313118020e-02
1.056253308661902895e-01 -8.904467383850205031e-02
1.056253308661902895e-01 -8.904467383850205031e-02
8.638189262058837414e-03 -1.128247741531705484e-01
2.696624088011477793e-01 -9.683220102543463326e-02
-2.209782593698388087e-01 9.383444645575647614e-02
-2.287032048576310705e-01 1.456415231530609755e-01
-1.059292530681287814e-01 -6.013477171050150144e-02
-7.822755697832861621e-02 1.407685923124438708e-02
-2.657927585623312550e-01 2.823887953873462781e-02
-2.657927585623312550e-01 2.823887953873462781e-02
-1.177072757289008842e-01 -1.364679237365483133e-01
4.095311126635516052e-02 2.451217690220810347e-02
4.923116966107632386e-02 8.461111676556472283e-02
-2.187947289543154539e-01 -2.511745230258700598e-02
2.289034301336708155e-01 -1.345193749158940244e-01
3.155641036868710447e-01 -6.992216884843575897e-03
5.852693503420746540e-02 -6.405481971406903896e-02
2.467508536336148195e-01 4.851078497981346077e-02
2.165650166648278585e-01 -2.772564329231445857e-03
-6.538445634953210517e-02 -1.693134065819735731e-02
-6.776280795114275612e-02 -4.001266483010652852e-02
-6.776280795114275612e-02 -4.001266483010652852e-02
-6.776280795114275612e-02 -4.001266483010652852e-02
-5.383260894692050436e-02 -2.865684867508299510e-02
-2.224593647389935813e-02 2.168683252281831952e-03
-2.224593647389935813e-02 2.168683252281831952e-03
2.513964250400801959e-01 -1.099486250762391204e-01
1.198348954619498780e-01 -1.354363426541491111e-01
4.988786868256791379e-03 -9.925418566107671592e-02
-1.682146158044018069e-01 -2.409513957117990005e-02
9.401564947970622588e-02 -9.587694121332623887e-02
-3.700845319344953088e-01 4.309788234941396706e-02
-1.825465521057744178e-01 -2.705102943075816252e-02
-2.483217081585240363e-02 -7.211864595749978291e-02
-1.652996303225692798e-02 -7.659591146343019963e-02
-1.204116077982347321e-01 -1.055264000708906330e-01
-1.743580051501053552e-01 -6.825346179799710034e-02
-6.454531174949153238e-02 -4.408090539233795041e-02
-1.204029970479232603e-01 -1.055603952611540303e-01
-1.219510940992267062e-01 -8.639192119028837880e-02
-1.204029970479232603e-01 -1.055603952611540303e-01
2.016865947403439496e-01 -1.631331204259517942e-01
1.319604138760045731e-01 -1.460611600850471592e-01
3.104088898265867091e-01 -1.861953463657408381e-01
3.240627590899169269e-02 -9.261515890474072976e-02
3.057446459707398589e-01 -1.837851672761137145e-01
4.062377479926129048e-02 -2.021829510298190358e-01
-2.101958533565282394e-01 -4.791930821947457814e-02
1.591354315448603174e-01 3.170053757842695302e-02
8.314666014369360980e-02 2.813656215928310722e-01
7.917907567206048380e-01 -2.496266017859983810e-01
5.074376015105401816e-01 -2.497743944833531737e-02
9.964005695907187654e-01 -2.722620563526335635e-01
-4.437180599415878057e-01 1.385294217340158618e-01
-1.424753071762449239e-02 -1.443001921184474123e-01
-1.423891996731299972e-02 -1.443341873087108096e-01
-1.064039762680830531e-01 -1.067892916824230987e-01
-1.423891996731299972e-02 -1.443341873087108096e-01
-2.475498846488192323e-02 -1.267681179586691298e-01
-6.379497117119303784e-02 9.045388933288994737e-02
-3.044846756518197750e-02 3.430792935960181450e-02
5.167284434850132752e-02 4.078254128106093696e-02
-7.212842272949457345e-02 1.926583432021562389e-02
2.235965053831351912e-01 -2.000029992561651315e-03
-5.311666214752650550e-01 1.843629201865005229e-01
2.034388830762428046e-01 -8.384365293253835671e-02
6.743736752400823764e-02 2.909491010560074850e-02
8.105062209871455314e-02 2.905266432684396050e-02
-1.849195862742862850e-01 -1.869673217961873579e-01
2.422428943126051781e-01 1.275359210466002133e-02
1.626212788512432783e-01 -6.313791572907642702e-02
9.387405231761081215e-02 -1.306442695766905637e-01
-4.941790346274706897e-02 1.305631922121408828e-01
1.429241981841073428e-01 -1.177484292023442819e-01
3.060779204407780840e-01 -1.073183565272916307e-01
-3.437695804482225337e-01 1.519462057673300580e-02
-5.880436853590965685e-01 1.587476410875589550e-01
-3.206448622167081819e-01 2.546213937499294810e-02
3.374001525840181204e-02 -3.994071656501035905e-02
3.587652920332440321e-02 -5.200326139667894171e-02
7.583622573336561146e-02 -1.093161282636961051e-01
2.657335336892423586e-02 -6.864889879393698546e-02
3.290800142249371563e-01 7.911274004259771786e-02
3.290800142249371563e-01 7.911274004259771786e-02
3.290800142249371563e-01 7.911274004259771786e-02
1.492171260335138638e-01 1.844452469991438026e-03
-1.885520265993641809e-01 -9.873419200796289263e-02
-3.113918529241558319e-01 8.300349306613294398e-02
-9.854075720774173319e-02 1.585059198520139545e-01
-1.357466057064557197e-01 -7.467059406652355735e-02
-8.361999994452330720e-02 -9.529692366827569039e-02
-2.454396620006201457e-01 7.524670765565175112e-02
5.919754379879108019e-02 -8.556860161385930127e-03
-3.188682963781799828e-01 2.453678640297953656e-02
-5.755053359898881088e-03 2.260185507990926101e-01
-2.881571308547858923e-01 1.260747177135159713e-01
2.193750883072501379e-01 -7.855967887802074723e-02
1.404108045856625742e-01 2.547664440754734416e-01
8.185377207848588965e-02 8.599787780550273431e-02
2.573888119283797640e-02 7.083609440081896358e-02
-1.910647401419355296e-01 1.051631329334429682e-01
-3.839339155187070432e-03 -4.527052783199242425e-02
-4.767142245582443524e-03 -5.594950011104403431e-02
5.376796282310813274e-02 -5.171070122545747688e-02
3.498148174023225920e-02 -7.124948465506868167e-03
-4.467921191514248602e-02 1.166427040407685967e-01
5.605190061027676141e-01 -1.902883363067648659e-01
-2.143688613824307754e-01 7.210119281828967358e-03
-2.169727029906600713e-01 7.960117871869992756e-02
9.490458766156997794e-02 2.887696200141655067e-01
-1.746173848540734097e-01 2.107411227032832679e-01
-1.579317340418263937e-01 2.257441100039998261e-01
-1.579317340418263937e-01 2.257441100039998261e-01
-1.994749256203819932e-01 9.882458322022700387e-03
-2.768772486649383191e-03 8.900121358455510834e-02
-2.993713548501559796e-01 7.527813630888732788e-02
-4.801697889652059570e-02 9.058660860209842569e-02
-4.801697889652059570e-02 9.058660860209842569e-02
-2.521549882045396318e-01 1.703574747197171557e-02
-2.945882865062516842e-01 1.537179903863634123e-01
-2.742875442450718459e-01 6.113615782432257201e-02
-2.877474309230783622e-01 -2.397433447738211293e-02
-2.775201221924167294e-01 -5.653707884698095515e-02
4.521541309901377370e-01 -1.058856499535851814e-01
-4.201068489675444662e-01 2.366725671358066718e-01
-1.539877557745010783e-01 2.305474253150780750e-01
-1.534216737388425789e-01 2.273258099964478030e-01
-1.534130629885310793e-01 2.272918148061844057e-01
-1.090464575433527372e-01 -1.403277758244996787e-01
1.467643064967936728e-01 8.931827649521753565e-02
1.623752178940898461e-01 8.354030974029702517e-02
1.433236789563081537e-01 -1.296396305182034164e-02
5.738264798303339964e-02 4.273909181664266310e-02
3.391876317598659790e-02 3.263359827298285137e-02
-2.037001710957190015e-01 -1.611345887396355495e-02
-2.313838966773888728e-01 9.398664708676063295e-03
3.579026159172897514e-02 -5.175485753142438500e-02
2.500289468517699065e-01 -9.964617194797451005e-02
1.005205755320886379e-02 -8.934652127703580915e-02
-9.588697248399981332e-03 -8.558435695344461525e-02
-5.855857485450643996e-01 2.718270781529613656e-01
1.196410060595831937e-01 -1.043240101980131840e-01
-1.570541934568260301e-01 1.032814168339749317e-01
7.853374283162051217e-02 1.447094757733943249e-01
1.757647725646370451e-01 -6.059772461245899189e-02
7.853374283162051217e-02 1.447094757733943249e-01
8.745459403176505941e-02 -7.992715063127885100e-02
8.745459403176505941e-02 -7.992715063127885100e-02
7.130428290964699323e-02 -1.238841245637406219e-01
-2.263713039119234494e-01 -2.106200823383048287e-02
-2.110422317131787628e-01 -5.771656692821142826e-02
1.139608756125030653e-01 1.263572400200246859e-01
7.081224772400038225e-02 4.230944373832584704e-02
-3.143058084284136022e-01 2.444825011141357751e-01
-3.143058084284136022e-01 2.444825011141357751e-01
1.450456532638240079e-02 3.957856662735483727e-02
4.705074651268955493e-03 6.180236464053065482e-02
9.888313241362335637e-03 -3.317271401525654501e-02
4.461720281962559820e-04 -3.765422003034157861e-02
3.919069897255393897e-01 7.184591445119243858e-01
7.210174784730316588e-02 4.401652785483746444e-04
1.752796809176558335e-01 1.100939217463875047e-01
-1.286417313584083399e-01 -5.848218749716849185e-02
-1.282069081977060265e-01 2.149090048885513374e-02
5.582111995280542027e-02 7.343092349472644248e-03
-3.803682106004921959e-01 6.531004671851606269e-02
7.824253263791737523e-02 -1.241635321213860610e-01
-2.559080222966098606e-01 1.739639426890480511e-01
-2.559080222966098606e-01 1.739639426890480511e-01
1.517860145073247069e-01 1.729558574526194326e-01
5.461363993838042052e-01 -7.463106207595397723e-02
-8.582352777920286904e-03 4.734239258771132108e-02
-5.595756509595360695e-02 2.419784880279204908e-01
1.058090604193849676e-01 -1.236662241423278352e-01
3.548709853878600495e-01 -9.949362357475975693e-02
1.157646231366864786e-01 -7.042904276790618034e-02
-3.775467995531247012e-01 1.973867911676756015e-01
2.047135509352382976e-01 -1.334764991805958423e-01
2.914479854011832738e-01 -3.092498156218608657e-02
-3.270464760344536370e-01 2.040724921504225714e-02
-3.778090368522237785e-01 2.050372880472396686e-02
9.576668080036468411e-02 2.464991061166134020e-02
-2.472310359319990769e-01 -1.159572174553159529e-01
1.645184484553702808e-01 -1.245618335925620518e-01
-5.189387151404425275e-02 1.193910177686738627e-01
1.517989281964684523e-01 3.510058036357851380e-02
-2.517836779057314178e-01 9.134971829951168965e-02
1.134362982373214035e-01 8.548393967666492732e-02
-2.428231676930648342e-01 1.653121749026658510e-02
3.147815479644874848e-02 -1.392548438608973149e-01
4.358386049395680806e-04 -1.135935841482157427e-01
-3.619693685804744807e-03 -1.037721197817157576e-01
4.581900647329151949e-03 -1.067190225895778832e-01
1.262654389675180178e-02 -7.661540922048977464e-02
4.358386049395680806e-04 -1.135935841482157427e-01
-9.444695058586867475e-02 -5.970239112921629093e-02
2.891288201772106436e-01 2.119388529883849681e-01
1.473134701691392323e-01 -1.744413900227931302e-02
-4.344530680582083665e-02 1.059552265351687908e-02
-4.344530680582083665e-02 1.059552265351687908e-02
-3.865656575809468809e-02 2.608379511437944678e-02
-2.593360493280948836e-02 1.869341947917818256e-02
9.221382788088235138e-02 -2.153845961952042393e-02
-1.186880558471282154e-01 -7.362881808049012711e-02
-9.357917224699266456e-02 1.634114402837754179e-02
1.848740196612247144e-01 4.281533576967974652e-02
4.069828699878748623e-01 -2.480883756091700199e-01
5.322255938996928171e-01 -2.833025278462143470e-01
3.182106210010310354e-01 -2.015018608242376968e-02
6.369426142240717237e-01 -3.094705712083471449e-01
4.069828699878748623e-01 -2.480883756091700199e-01
5.190803755649832096e-01 -3.481745952913800624e-01
4.835336210083372444e-01 -2.711663493949211245e-01
-1.859803175375684958e-01 1.700660606379159334e-01
9.864921472520395140e-02 9.732345595905939062e-02
-3.153823475947192811e-01 -2.529807045533740209e-02
4.158232479190305253e-01 1.925374614552601837e-01
-1.729142054058271094e-01 9.555186718643106369e-02
-1.729142054058271094e-01 9.555186718643106369e-02
-2.111016861651121013e-01 -5.957755394600673660e-03
-1.809568944236782384e-01 7.817737139309154440e-03
-1.729142054058271094e-01 9.555186718643106369e-02
-9.177717738253585167e-02 -5.657821969042068494e-02
-6.210951768420421015e-02 -7.960418975941800646e-02
-8.534169168284609641e-02 -6.536978876213790646e-02
-9.277532835528699839e-02 -7.178481667652213127e-02
-1.870776173877467669e-02 -4.700165779703988772e-02
-2.745466350641265901e-02 -4.553986984757112111e-02
-2.744605275610117329e-02 -4.557386503783451837e-02
-2.669769811892420686e-01 3.235560578361377226e-01
-2.669769811892420686e-01 3.235560578361377226e-01
-3.980344444238790302e-01 5.287145644212638551e-01
-4.112301107267848366e-01 4.361196716471485990e-01
2.363438828824157012e-01 -2.485198515692227939e-01
-1.912777617642387185e-01 4.024187226941948123e-03
-2.805563980342399288e-01 -1.512735342455367310e-03
-1.515444417190400517e-01 1.136604201926817324e-03
-4.801307848297554914e-04 -1.355063783182159087e-01
2.556175558274364490e-01 -8.854252140507372359e-02
1.977385846697757854e-01 -8.583650461456823755e-02
9.000208182267767365e-02 2.663438298974654672e-02
-8.154360758148637700e-02 -7.594810907116253396e-02
5.443206670704729966e-01 -5.792741163071323668e-02
2.585142096709142079e-01 -9.664933696959840392e-02
4.311166204088742182e-01 -3.641652022756276114e-02
-2.034242534694579441e-01 1.498761185240423122e-01
1.050447255959292975e-01 3.916352949983761822e-02
6.116214538976304585e-03 4.038028660897279021e-02
-1.697353184079264388e-01 -1.814719278308766226e-01
-2.045326727736487826e-01 1.051332292801696044e-02
2.261358695090871090e-02 7.916963802676368900e-03
6.088328261948293685e-01 -2.550533451796376805e-01
4.980243319780492534e-02 2.352865856762943464e-01
6.721485870976025290e-02 2.860891224385408438e-01
4.403896917856052473e-02 6.194473200136845215e-01
1.767982940262370975e-02 -1.558424568691774148e-01
4.184720075361016839e-02 -1.755825608982475861e-01
4.184720075361016839e-02 -1.755825608982475861e-01
9.942171138532462926e-02 -3.459883181905786670e-02
3.255096007773594091e-01 -6.481816156338099377e-02
-1.287276362450610057e-01 3.794522380983058468e-02
-1.892175166603926595e-01 8.059847663155680908e-02
-5.214618918779634696e-03 -1.192972529742054033e-01
1.223803744468917043e-01 3.565306694770765950e-02
7.102776559208458240e-02 -1.257612032492105847e-02
-1.138887439148923153e-01 -1.268262837583108982e-01
-1.516886886934714629e-01 1.115645867569692862e-01
6.275183366994131762e-02 -6.071700868174058352e-02
2.349768596029638279e-01 -1.764414158655594755e-01
1.817373029699848597e-01 -1.411331783973519272e-01
-4.628917845155783306e-02 -1.093763568094315991e-01
-1.804080630482025882e-01 2.372576777064251963e-01
-2.244100041253296596e-01 1.145913156482669670e-02
-1.671921752639394243e-01 -7.763067972416501372e-02
-1.652431194654752633e-01 -6.775568027481784772e-02
6.124378771808527411e-01 -1.022853171570439756e-02
4.702104705153901110e-01 -9.295223328089180503e-02
5.837651944509685276e-01 -1.007263100160799424e-01
2.963301541395280680e-01 2.513718852091774147e-01
2.963301541395280680e-01 2.513718852091774147e-01
-6.438061830639713046e-02 -8.852833475437707489e-03
-1.019078087897384022e-01 -1.380240798584064510e-01
-1.413385851254360115e-01 -4.607843045205760324e-02
-2.319708871474766010e-01 -6.884527334279633148e-03
3.706505105348159579e-03 -7.516171482481029398e-02
8.990041826168107542e-02 -1.151096180998451568e-01
-3.798126472040175283e-01 1.004939931884718529e-01
-3.106480590546997766e-01 9.288164662629434798e-02
-3.846221716951565561e-01 5.475967350386516663e-02
-2.012821545331212325e-01 1.125701583990300347e-02
-1.446017746969167628e-01 -2.530352189403384938e-02
-1.280269325023561111e-01 -2.818804182102627523e-02
-3.945539303072752996e-02 -2.032942732412440154e-02
-2.724932350545529181e-01 -5.951130240416445394e-02
2.541877516128210335e-02 -8.067926122674816403e-02
-7.447853910211639505e-02 -1.116797507259086608e-01
2.542738591159359601e-02 -8.071325641701156128e-02
-1.397594801763818173e-01 1.510724616874228321e-01
-1.682741006361883618e-01 3.206646897779900085e-01
-2.416691379629808817e-02 -2.906246228462577158e-02
3.333983417474527255e-02 -5.802986585114630613e-02
3.759346940102447077e-01 -1.878643303798636643e-01
1.423192006608954563e-01 -2.478912816104220790e-02
-1.374664310785023158e-01 -1.602566191766865988e-03
7.122770521350919870e-02 -9.318425110633558883e-02
-1.756424628070930860e-01 -2.601446758570170881e-02
3.789827710532961413e-01 -2.433975403780530011e-01
-3.379975930179152654e-01 1.073477900886815953e-02
-4.684098050614020625e-01 1.443761428251857104e-01
1.692750490921001716e-01 -6.740443444326059408e-02
1.605537163186920302e-01 -6.011154470836441166e-02
1.574082026389066191e-02 3.676545535090443989e-03
-2.877486953305694733e-02 8.309610215522288124e-02
-3.589592524864251288e-01 1.272914732176180230e-01
-1.536782721675246655e-01 -7.778687149633074782e-02
2.951296988908786584e-02 -3.396222423742929764e-02
-1.765641007633802773e-01 -6.562552741024625658e-02
-2.218364734262027738e-01 -2.333523093175732255e-02
-2.961028800623874968e-01 2.559250594435512616e-01
7.526361455012070545e-02 9.785495241571989800e-04
2.905330674170395477e-01 -3.679604334353360484e-02
3.703985824412305838e-01 1.964101775189952548e-02
2.905330674170395477e-01 -3.679604334353360484e-02
4.815434043341313558e-02 6.038502611729831826e-02
-1.041819384682850930e-01 -9.818956759331899653e-02
-3.751604844617572043e-01 5.800942165292022334e-02
-6.857235842353145983e-02 -1.107739759374525429e-01
-2.186302902618854072e-01 -1.714449350432614011e-02
1.096823792045056589e-01 -1.333712590582425417e-01
6.219683248563434574e-02 -6.928275306743381101e-02
1.550394503706170324e-01 -1.170006016855726361e-01
1.096823792045056589e-01 -1.333712590582425417e-01
-5.272013181516548019e-02 -3.588452957450664893e-02
2.730070172496863457e-01 3.060100272605709160e-01
-1.252574593518670787e-01 1.214697103973161052e-01
-1.109434477414341508e-02 -1.674875962944510077e-01
-3.758811502483236366e-03 6.553744243591255181e-01
-4.565248328810445760e-02 -9.531994913039448791e-02
3.202363925504082554e-01 -1.118619980699671612e-01
3.822455340836127674e-02 -1.677718545924348215e-01
6.799422567780483151e-02 1.968916146393691682e-02
1.118476549145512589e-02 5.666442790067396235e-02
-5.307901681189790277e-02 -1.222788364494337005e-01
-1.626576102785404765e-01 -5.064532615346451633e-02
5.318945836232299995e-02 -1.973166469729559780e-01
2.965562234850960266e-02 -2.153994764145938934e-01
-6.836842082646280017e-02 -1.068234269648565826e-01
3.491029693014474633e-01 -4.264660374794049941e-02
2.965562234850960266e-02 -2.153994764145938934e-01
-2.312242424419367337e-01 1.043705638926158419e-01
-2.568680380157511434e-01 6.304237179456480267e-02
1.003823081722049898e-01 -1.708085898702407790e-02
6.889234779648281681e-02 -4.882745012690971331e-02
3.160954222221283860e-01 -1.777893639228193545e-01
-2.040228425052633132e-01 -6.768494701993015006e-02
-3.940152248573326466e-01 1.655459428435042124e-01
5.330830429826316497e-01 -2.554541471009257048e-02
4.665949679853582666e-01 3.807408998147931295e-02
2.162507749730801371e-02 -6.050083794992135861e-02
4.489164627823304804e-02 -4.373058116322436906e-02
2.411863362997077043e-03 -5.301605696174999799e-02
2.575476545883001803e-02 -7.274908803518984057e-02
1.178696673183375759e-01 -1.693555620542804441e-03
2.411863362997077043e-03 -5.301605696174999799e-02
5.999473152725966901e-02 -7.786437203754872916e-02
-2.143159358213791998e-02 -9.204919220788262968e-02
-3.106288705969600938e-02 -5.725504815477817228e-02
1.855493079480576291e-01 -1.075317130835600071e-01
1.862654031893531126e-01 -1.425031472027987189e-01
7.415033525102594780e-03 -3.768980507028719951e-02
1.862654031893531126e-01 -1.425031472027987189e-01
-8.340959860054394936e-02 -1.411077761505008174e-02
4.636172963507295686e-02 -4.643692751597652824e-02
-1.665474371356468752e-01 3.013916706710181859e-03
-1.988385696502090183e-01 9.390145140222233566e-02
6.054577134596643706e-01 -2.568081551949614183e-01
-3.508928457541025947e-02 -3.148754102766995744e-02
-3.314631867618693384e-02 -6.701538731048031078e-03
8.231105925702848769e-02 -1.366158297621801743e-01
2.007801158284894805e-01 -9.541040730346692089e-02
5.626292401212172889e-01 -7.865165591689866897e-02
-1.526753154218463138e-03 -4.139576417107137390e-02
-2.531039470675693903e-01 -4.725467389658438017e-02
-2.531039470675693903e-01 -4.725467389658438017e-02
7.075413321669214717e-02 -6.586469898698860126e-02
-1.798593915859442727e-01 -2.272524453152186333e-02
-1.497390409815209655e-01 7.612660414343651316e-02
4.502997778288798936e-02 -7.065773712501076387e-02
5.060332350007334945e-02 6.105491463484642722e-02
2.046019079165708188e-01 3.154587484587114132e-01
-5.800308567922169561e-02 1.348859131890692842e-01
1.756607985879159450e-01 2.704234582930626907e-01
1.756694093382274446e-01 2.703894631027993212e-01
2.453665106439702481e-01 -7.102846040205094968e-02
1.241591875085289731e-01 -1.204046156330216277e-01
1.632060475097079077e-01 -9.309836835492193985e-02
-2.073903531559191660e-01 9.144704846142763521e-02
3.230524550047324528e-01 -8.652223821676853499e-02
7.546566640491048084e-02 -3.188123070160944067e-02
-1.445790066199824364e-01 -1.113352830028865592e-01
-1.673269112018933302e-01 -7.800156773871098903e-02
-1.429102825741549454e-01 -1.094195299980009473e-01
1.338638565969399175e-01 -3.150578642541967261e-02
7.137988682957594477e-01 -3.437960911484703730e-01
3.040057013366619931e-01 -1.078274464538116068e-01
3.040057013366619931e-01 -1.078274464538116068e-01
6.244190939174087268e-02 -8.060895264712963915e-02
9.653869651986678180e-02 -1.443609875637019008e-02
1.005954756366562869e-01 -7.233609230244196497e-02
-7.752220121665794050e-02 -4.006636876050183316e-02
9.099221283021118045e-02 -4.452862574670639340e-02
-4.628699059266852545e-02 -6.368290007062005209e-02
8.986181047844146730e-02 -3.350011351824510458e-02
9.766123713083856017e-02 -5.410880662094220278e-02
-1.664166231652245698e-01 4.707799958736469913e-03
4.810436169691665459e-02 -1.060996096767390373e-01
-7.752220121665794050e-02 -4.006636876050183316e-02
2.770311282802509142e-02 -5.426178118478495321e-02
2.455183081475091345e-01 3.959402879820134863e-02
8.820379220436394552e-02 -2.081639432479454738e-02
1.181715987627538628e-01 -7.528906930516349183e-02
3.142747555136483073e-01 6.926082371440357710e-03
2.115531714235936445e-01 -9.494492395915100913e-02
5.462190825683164996e-02 7.067798613539826025e-02
-1.687213999969489620e-01 -1.224802858778051839e-01
-1.353315016426966388e-01 -1.192546401242569054e-01
-7.275142835326149637e-02 -8.578181978477739111e-02
-2.443909783961445426e-01 2.502249712024767758e-01
-2.435434763138187297e-01 2.492645225659246844e-01
-2.435434763138187297e-01 2.492645225659246844e-01
-2.707130501032153358e-01 1.225333971446535414e-01
-2.585400071402614852e-01 2.810538136313798230e-01
5.281374963914039350e-02 -3.805594509206400300e-02
7.626096086219059933e-02 6.346768964847501748e-02
7.626096086219059933e-02 6.346768964847501748e-02
1.779626949781728806e-01 -1.218126137334229336e-02
7.201787215838596767e-02 3.693183516718428344e-02
-6.536040278171038886e-02 8.645903307482279143e-02
-1.850531770215380067e-01 -9.127824742047355513e-03
-4.668123651869156288e-02 6.041710967472427307e-06
2.613688157393191380e-01 9.813242707882935401e-02
4.937016340702609085e-01 4.401838745288221277e-01
-5.247710175350472905e-02 -1.399794635174622381e-01
3.080219333180582719e-01 -1.916132045961489172e-01
1.304801298325824199e-01 -5.429416215920269961e-02
-1.120224571189578910e-01 -3.266476342617478934e-02
9.790728524470626581e-02 -7.951623611448650764e-02
1.025618107646773802e-01 1.683495619532545118e-01
-2.003783902406180428e-01 1.677499195632053616e-02
2.738341006110659448e-01 6.375814634816507898e-01
-4.013394990025545561e-01 3.710780339511234871e-01
1.906322715589119643e-01 6.374829954566171297e-01
-1.255776276032803951e-01 9.947623280729350759e-02
-1.255776276032803951e-01 9.947623280729350759e-02
-2.902963713193164041e-01 1.227294308539633727e-01
-1.455630524689913718e-01 -4.492403825058716160e-02
-1.455630524689913718e-01 -4.492403825058716160e-02
-2.085156463655893355e-01 -6.293344592296890028e-02
1.376722264740628532e-01 -1.744211175536622138e-01
1.086486232704269306e-01 -1.322608848801841153e-01
-5.537222417501715122e-03 -1.036439859061689672e-01
3.449963545316486746e-03 -5.788662727174322120e-02
6.966035136134329786e-02 1.931782899527286490e-01
4.491810113666622750e-01 -2.335735418650708717e-01
7.537700555925612445e-02 -1.054044949367968220e-01
1.707381700863766782e-01 -1.871370423541180994e-01
6.394676615359877470e-02 -9.908108809312050902e-02
-1.777441687394520353e-01 4.829677508148841683e-03
-1.358691139565440520e-01 -8.354734172803110481e-02
-1.407957906944286575e-01 -4.214499177350296971e-02
-2.866246708070042115e-01 -2.436485058885140553e-02
-1.481178261823652142e-01 -5.287149529693788153e-02
-1.264405912655067743e-01 -4.610693285301849242e-02
-2.053756250636359915e-01 -6.677886731371104889e-02
-1.216569639327144264e-01 -1.352928810917816138e-01
3.020046786758408541e-01 7.077557337296876139e-03
-2.311520835945294616e-01 -5.528388233365891941e-02
-1.985725040980109157e-01 -7.906111679664079572e-02
-2.768653897302961187e-01 6.816472252225733164e-02
-2.768653897302961187e-01 6.816472252225733164e-02
-3.381019971018294212e-01 4.859211913781147363e-02
-3.843748788914486125e-02 5.548494699042940889e-03
-3.843748788914486125e-02 5.548494699042940889e-03
-3.251301410990308782e-01 7.214536557371546699e-02
-9.746884269705585746e-02 3.121930814621122485e-03
-8.153113477040484225e-02 5.384811627663591005e-03
5.391434452063567639e-03 -6.267356763544397469e-02
-3.503735369579206727e-01 1.292897344243760793e-01
-3.503821477082321723e-01 1.293237296146394766e-01
-8.952910960514055827e-02 -4.331105588625904640e-02
-7.985504831060499797e-02 -5.289146067852912303e-03
-7.985504831060499797e-02 -5.289146067852912303e-03
2.837200001564674778e-01 -8.773948433860834228e-02
-8.244597577500074881e-03 6.258345101302920099e-02
4.422892973276187911e-01 5.143752226226334656e-01
2.407104187748793922e-01 -3.195354482098861082e-02
1.822538681367388835e-02 1.028157940419891642e-02
3.180675822858319846e-02 1.187113730134332357e-01
2.999244960658043954e-02 1.072438930625021491e-01
-3.397695417819512342e-01 3.591576136762472116e-01
-3.397695417819512342e-01 3.591576136762472116e-01
-2.952592076442664415e-01 1.211754998026430136e-01
-1.472146805630595301e-01 -8.918501815688664736e-02
3.585459198441248718e-02 -4.600427840428007037e-02
4.236058168371928390e-03 -5.835312727735346428e-02
-2.383633777247076702e-01 -1.560488814708538979e-03
-3.880532164713195731e-01 1.282580846698643806e-01
-6.070156918766411724e-02 1.207149233785613507e-01
-5.105480430916440465e-02 -9.583686193923736385e-02
-1.365795917403812565e-01 -4.427220275570545316e-02
5.376313636597154222e-01 -1.002361635627306291e-01
7.224422252710408499e-01 -1.592311761343082888e-01
7.264231294230820701e-01 -8.290745903013423124e-02
2.502614401686814039e-01 -4.530830219425349692e-02
1.315987350431301328e-01 -1.510046128723624703e-01
3.467942146029688866e-01 -3.384781936718406214e-02
1.913718900393869826e-01 -3.540215988649778739e-02
1.569543302710922905e-01 -9.028747497598339777e-02
2.231901038470444076e-01 -1.222723296607842181e-01
3.467942146029688866e-01 -3.384781936718406214e-02
2.610340034187648706e-01 2.348680097782410506e-02
-3.463679464407361519e-01 8.940744424871742424e-02
-2.168168935257933916e-01 -6.869094998168895350e-02
3.852994388439969636e-02 -6.372726568492442789e-02
5.748508732149886641e-02 -3.528383740029640558e-02
4.831859032772731211e-02 -4.003176556318771562e-02
1.126869537953186506e-01 2.551218659947276229e-02
1.035517707807305371e-01 -6.413158283310946284e-02
2.866460274459055046e-01 -2.011887513944021211e-01
5.431190645447088183e-01 -2.560680819825630339e-01
-5.027670509671795518e-01 6.172951766902660120e-01
2.578410181279263205e-02 -8.790715627076634703e-03
7.855129360271539962e-02 -6.691598823199607082e-02
1.557014848094121287e-02 -5.955940397367741335e-02
2.578410181279263205e-02 -8.790715627076634703e-03
-4.574132409350287198e-02 8.334099119247743992e-02
-5.768006290227625787e-03 -1.088856491958602180e-01
4.372372875476518428e-02 9.885014176931442020e-02
-6.197551444112357061e-02 -7.881010417619169206e-03
-8.952565602043476012e-02 -2.912128700893958089e-02
-4.689910081461487468e-02 -4.088763210900962092e-02
-2.240504315724978213e-03 5.057759527641410985e-02
7.741405554679711698e-02 1.729541163800542986e-02
2.325224599717448312e-02 6.548748322585951076e-02
2.886390551080707245e-02 1.050897251796655552e-01
2.886390551080707245e-02 1.050897251796655552e-01
-2.427506318453550443e-02 9.885233517936884567e-03
-4.274764860585473364e-02 -3.472359866746289880e-02
2.886390551080707245e-02 1.050897251796655552e-01
-8.935787741527237427e-02 -8.605149442896310730e-02
-7.920046179258551089e-02 -3.091611773928300277e-02
1.514602580093021567e-01 -1.260411308147062204e-01
5.998412182674718596e-02 1.221372927069695469e-01
5.572250080450342341e-02 5.858770678816246219e-02
1.508377596600326276e-01 -8.993216042504290075e-04
-1.534779112355692809e-01 -2.331660002497692313e-02
-4.397975491658800279e-02 -5.109256773085587428e-02
-1.921570163107274021e-01 -4.576222359335585521e-02
1.726740548908957673e-01 -8.198922660413998642e-02
-1.512623846795329019e-01 -1.188186228557553126e-01
1.373595827352249166e-01 -6.766253741266972654e-02
-1.546838405329352684e-01 5.171096914742800976e-02
6.532578381251294974e-01 -2.388097998189873394e-01
6.073901779156697101e-02 -1.515323031161382727e-01
-1.757265840362050580e-01 4.067539702454894129e-02
-4.793004860398748790e-02 2.079995669551705229e-01
-1.514827409656454953e-02 9.851679222822895890e-03
2.346867589469258109e-01 -1.855632686203895210e-01
-2.822296905171916004e-01 2.499584192767719815e-01
1.944572647322672099e-01 -1.060015282079413146e-01
1.388580362531315338e-01 -1.182231782758913913e-01
-6.572036744251386065e-02 3.793454764193132656e-02
-3.857081881954747549e-01 4.201623081847875585e-01
1.069598011401847737e-01 -1.027786507081779460e-01
-3.324282222413358356e-01 1.278401010254720249e-01
-2.495481158533804922e-01 -5.804952525937121487e-03
2.841351752235935640e-03 -3.543145579466297490e-02
-1.736149706345522375e-02 -1.858531847172546075e-02
-7.137617718239151060e-03 -1.135303318402684260e-02
6.690144740720956051e-02 -1.295013893971078134e-01
-2.815136328710678842e-02 -6.348488444860597713e-02
-3.593165301250925842e-02 -8.876881429012989377e-02
2.519809137831143797e-01 -1.040969465830823004e-01
-1.680016573024796234e-01 -1.070202994051194789e-01
5.481734017942132414e-03 1.896957837221404097e-01
3.977344180759636028e-01 -1.501687646988608127e-01
-2.123214446476701656e-01 2.978118685537050475e-02
-2.166459643904647681e-01 6.727444703586380088e-03
-1.623286737181618422e-01 6.709925142477482507e-02
-1.792823732606043108e-01 -6.691986186499873646e-02
7.912296460602714909e-02 -1.300444425798039927e-01
-1.018490951286845220e-01 2.884746442210466000e-02
-1.394257825633180570e-01 1.389343727826064800e-01
-8.995503569168657176e-02 -5.939967187543892385e-02
1.932836634737139236e-01 -2.150979528176876210e-01
1.991560066050688804e-01 -2.203421652264370145e-01
-1.510250666884228876e-01 -9.475159351598680391e-02
2.879542863720749857e-01 -1.848348364105337482e-01
-2.039925750484368472e-01 -5.935228433165346679e-02
-2.648883376320581087e-02 1.460954185231495839e-01
1.289410690671654799e-02 2.060315408781815127e-01
-1.466907869477125648e-03 1.497003804448559378e-02
-9.339387966899076465e-02 3.123078937462284849e-02
-1.523785657948262817e-01 -3.147097889254458353e-02
-2.578882058722447024e-01 7.062689490902412937e-02
-1.864124207968484437e-03 7.032379608454507325e-02
-9.204619384354146422e-03 8.769591859458568395e-02
-2.733249241322143752e-01 3.615005250967770478e-02
-1.729190935675135599e-01 -2.901625668071169950e-02
5.534025067005816645e-01 -4.133264871090834569e-02
-6.996610681462622772e-03 -6.982110951442979663e-03
-5.008839876659156032e-03 4.189418627371432891e-02
-6.128828919832935568e-02 1.506214693735256627e-01
-3.166512287151956873e-01 4.855227334087868635e-02
-1.724881347940798032e-02 -1.633253690449774920e-01
-3.690489106181115558e-02 -1.298952874341951225e-01
9.763015583192882763e-03 5.291628771290005778e-02
2.466181379520407946e-01 3.188055438282871856e-02
-1.333794816498274916e-01 -7.207110080298465005e-02
-1.354974263700610693e-01 -7.160596638230105893e-02
-4.669155873215335290e-02 8.034114887746608702e-02
-9.600205032151394591e-02 9.161857256929545335e-02
-6.559617245755447468e-02 1.437087349720177487e-01
-9.600205032151394591e-02 9.161857256929545335e-02
-1.252132770326557232e-01 8.687406660930627189e-02
-1.252046662823442236e-01 8.684007141904287463e-02
-2.332036943791059858e-01 1.391749753991922828e-02
3.594367154108188966e-01 6.469880220124256398e-03
-7.055909088173026311e-02 -8.723079337847576553e-02
-1.033238547174527566e-01 4.184724020518946347e-02
2.249311910904032707e-01 1.091422036703732640e-02
6.162366021090515122e-02 -4.369286277655249490e-02
2.584990680579489775e-01 -7.909302994216216298e-02
8.954442203749356233e-02 7.714371411841333681e-02
7.693113943705792712e-02 -1.881007661266672626e-01
-2.015789746590401083e-02 -1.018690483136583946e-01
1.393912307931278738e-01 9.920787691053906121e-02
4.110935983017368067e-01 -1.970889282006937637e-01
1.298018117282392636e-01 -7.165646595662833462e-02
-1.070602433307553253e-01 -1.013731437537616631e-01
-2.807820243551315542e-01 5.442942911600781031e-01
-1.801905246241472802e-01 -9.699275225020587143e-02
-1.171106139712307648e-01 -5.716310382304158610e-02
1.137571791839349020e-02 -2.267030753637830354e-02
1.137571791839349020e-02 -2.267030753637830354e-02
-5.937975629285150575e-02 2.495616891050552594e-02
4.552809991023911707e-01 -9.918822995437324985e-02
8.026391973443595951e-02 -5.331174594310009868e-02
8.944883794420349643e-02 -5.577230842565429614e-02
3.659835681232451177e-01 -1.154260673251162328e-01
2.020226739029853946e-01 -7.917207460380554229e-02
9.848014699373386360e-02 -6.547542585506144208e-02
2.611799766219504160e-01 -5.428459052002549551e-02
-3.088168438077263378e-01 5.189288608395575819e-02
-1.573257638790629409e-01 -1.084516839482330963e-01
-6.576798769130420830e-02 -6.685416986234016257e-02
-1.820905472066225994e-01 -7.625079342109111757e-02
-1.820819364563110998e-01 -7.628478861135451483e-02
3.897608416108914731e-01 5.731855998053557444e-03
3.897608416108914731e-01 5.731855998053557444e-03
3.897608416108914731e-01 5.731855998053557444e-03
-2.433568332498156628e-01 -5.152322599412684917e-02
-2.433482224995041632e-01 -5.155722118439024643e-02
-3.170175646851382256e-03 -8.476844725560257754e-02
2.703520776874105969e-01 3.263872207965111683e-01
-1.169951132847000530e-01 -1.718868838375803287e-02
-3.262784724429984573e-02 -5.348192505884835635e-02
3.937242170180769163e-01 -2.446656483275673477e-01
1.635561077160776478e-01 -9.288757285808951769e-02
-4.030706188160065873e-02 -1.041137622001473556e-01
2.888406709779349768e-01 -6.316104800582549028e-02
-3.518840988067270525e-02 -1.028730415867309816e-01
-4.398954757897986789e-02 1.357132541976783374e-03
-3.322027371768276199e-02 -4.301154376406466501e-03
-3.762182025617755166e-02 -1.101267395018629830e-02
9.450051840633791334e-02 -1.121054951997248472e-01
1.466334186403932538e-01 -1.223131235476122847e-01
1.634258555833285054e-01 -1.274225635488570596e-01
1.379090009238811698e-01 -1.475239835766125884e-01
1.634344663336400050e-01 -1.274565587391204569e-01
-2.180881374789635785e-01 7.749653779172120671e-02
1.148844614039827294e-01 4.233992558907973686e-02
-2.030998808187808868e-01 7.800904837162949690e-01
1.205660758979119063e-01 -3.622347794524340137e-02
-4.591496988752302721e-03 -7.977986744526271989e-02
-6.104475245090287827e-02 -1.048615591430232807e-01
-2.324045363573400136e-01 -2.121328621852888729e-02
1.041379375784840661e-01 -6.816395285871698628e-02
5.759374108494230704e-02 -1.257355225144806687e-01
-4.936778668069304044e-02 -2.573291284647303417e-02
